1023050999876.4054	14611016715.695755	-5.679110663082439	68.09233054374529	0.0017689708553641484	16.86506401876052	5.3353644749980695	23.679049134657696	-1.9923077554269002	
808666992821.6932	13484094830.838514	-1.7734747023809525	92.39278470577098	0.0017689708553641484	16.86506401876052	5.3353644749980695	23.679049134657696	-1.9923077554269002	
668516682004.4812	15014394384.588696	4.884341397849465	124.09495367128407	0.0017689708553641484	16.86506401876052	5.3353644749980695	23.679049134657696	-1.9923077554269002	
444745909498.4221	12982650505.096277	11.206516203703702	168.48487849976044	0.0017689708553641484	16.86506401876052	5.3353644749980695	23.679049134657696	-1.9923077554269002	
432413751319.0943	13474650786.621971	13.861827956989224	224.54777333464966	0.0017689708553641484	16.86506401876052	5.3353644749980695	23.679049134657696	-1.9923077554269002	
451036585635.94165	12028594710.638498	21.372569444444437	248.73728768668084	0.0017689708553641484	16.86506401876052	5.3353644749980695	23.679049134657696	-1.9923077554269002	
459008406182.4877	11196105592.462543	25.184531810035864	257.8968832073101	0.0017689708553641484	16.86506401876052	5.3353644749980695	23.679049134657696	-1.9923077554269002	
483987461903.79016	11656241505.316496	24.21609543010753	223.7688057658696	0.0017689708553641484	16.86506401876052	5.3353644749980695	23.679049134657696	-1.9923077554269002	
440991204038.4942	11180480266.024162	21.180092592592544	185.58215915781318	0.0017689708553641484	16.86506401876052	5.3353644749980695	23.679049134657696	-1.9923077554269002	
477329211322.6694	12216320105.658333	13.551433691756245	118.22558714613757	0.0017689708553641484	16.86506401876052	5.3353644749980695	23.679049134657696	-1.9923077554269002	
557355582290.9855	13002147833.448866	8.649710648148153	97.32111293600248	0.0017689708553641484	16.86506401876052	5.3353644749980695	23.679049134657696	-1.9923077554269002	
840576649818.5887	13636719719.910275	-0.7575492831541222	68.02805001274224	0.0017689708553641484	16.86506401876052	5.3353644749980695	23.679049134657696	-1.9923077554269002	
860434148319.9169	14581717416.848373	-5.679110663082439	68.09233054374529	0.0007222475208982394	20.384977736590532	9.271263308864103	19.461307027832397	-10.6505511351545	
695982737824.1222	13460107563.84843	-1.7734747023809525	92.39278470577098	0.0007222475208982394	20.384977736590532	9.271263308864103	19.461307027832397	-10.6505511351545	
610895837027.9517	14994940376.15787	4.884341397849465	124.09495367128407	0.0007222475208982394	20.384977736590532	9.271263308864103	19.461307027832397	-10.6505511351545	
453111545952.06274	12958260619.947618	11.206516203703702	168.48487849976044	0.0007222475208982394	20.384977736590532	9.271263308864103	19.461307027832397	-10.6505511351545	
469709497952.0787	13449940254.882069	13.861827956989224	224.54777333464966	0.0007222475208982394	20.384977736590532	9.271263308864103	19.461307027832397	-10.6505511351545	
534538886918.65717	12009090465.351486	21.372569444444437	248.73728768668084	0.0007222475208982394	20.384977736590532	9.271263308864103	19.461307027832397	-10.6505511351545	
565170512081.4773	11181443917.44831	25.184531810035864	257.8968832073101	0.0007222475208982394	20.384977736590532	9.271263308864103	19.461307027832397	-10.6505511351545	
593384885319.5231	11631814109.632687	24.21609543010753	223.7688057658696	0.0007222475208982394	20.384977736590532	9.271263308864103	19.461307027832397	-10.6505511351545	
530670098733.05035	11160945608.624762	21.180092592592544	185.58215915781318	0.0007222475208982394	20.384977736590532	9.271263308864103	19.461307027832397	-10.6505511351545	
500524552916.49756	12196716098.827106	13.551433691756245	118.22558714613757	0.0007222475208982394	20.384977736590532	9.271263308864103	19.461307027832397	-10.6505511351545	
538272082671.1899	12982587279.449282	8.649710648148153	97.32111293600248	0.0007222475208982394	20.384977736590532	9.271263308864103	19.461307027832397	-10.6505511351545	
726945831678.0095	13607519875.86744	-0.7575492831541222	68.02805001274224	0.0007222475208982394	20.384977736590532	9.271263308864103	19.461307027832397	-10.6505511351545	
853456164836.1853	14596421460.219099	-5.679110663082439	68.09233054374529	0.0009552180737002643	19.15951921085223	1.1268119919123123	14.357373203926215	6.029239731594824	
670523370177.661	13469650941.725248	-1.7734747023809525	92.39278470577098	0.0009552180737002643	19.15951921085223	1.1268119919123123	14.357373203926215	6.029239731594824	
554295795392.0643	15009746569.094248	4.884341397849465	124.09495367128407	0.0009552180737002643	19.15951921085223	1.1268119919123123	14.357373203926215	6.029239731594824	
371454988206.33356	12968048810.419981	11.206516203703702	168.48487849976044	0.0009552180737002643	19.15951921085223	1.1268119919123123	14.357373203926215	6.029239731594824	
363360892177.53485	13464747541.09476	13.861827956989224	224.54777333464966	0.0009552180737002643	19.15951921085223	1.1268119919123123	14.357373203926215	6.029239731594824	
398643800836.1313	12023826426.766142	21.372569444444437	248.73728768668084	0.0009552180737002643	19.15951921085223	1.1268119919123123	14.357373203926215	6.029239731594824	
412177682747.6499	11191329899.575773	25.184531810035864	257.8968832073101	0.0009552180737002643	19.15951921085223	1.1268119919123123	14.357373203926215	6.029239731594824	
435838742527.5923	11646401907.837988	24.21609543010753	223.7688057658696	0.0009552180737002643	19.15951921085223	1.1268119919123123	14.357373203926215	6.029239731594824	
391982097809.747	11175632489.191307	21.180092592592544	185.58215915781318	0.0009552180737002643	19.15951921085223	1.1268119919123123	14.357373203926215	6.029239731594824	
405702434570.85095	12211562490.177057	13.551433691756245	118.22558714613757	0.0009552180737002643	19.15951921085223	1.1268119919123123	14.357373203926215	6.029239731594824	
467973804404.0705	12992356353.437517	8.649710648148153	97.32111293600248	0.0009552180737002643	19.15951921085223	1.1268119919123123	14.357373203926215	6.029239731594824	
698732724840.4292	13617215184.1774	-0.7575492831541222	68.02805001274224	0.0009552180737002643	19.15951921085223	1.1268119919123123	14.357373203926215	6.029239731594824	
917273420504.8895	14591558917.345455	-5.679110663082439	68.09233054374529	0.0011104694005791404	13.931903764874058	12.366394659760953	21.21652683562918	1.0924032616975206	
736206036882.3584	13469549462.608786	-1.7734747023809525	92.39278470577098	0.0011104694005791404	13.931903764874058	12.366394659760953	21.21652683562918	1.0924032616975206	
631750308411.9015	14999832566.087395	4.884341397849465	124.09495367128407	0.0011104694005791404	13.931903764874058	12.366394659760953	21.21652683562918	1.0924032616975206	
453867298106.9819	12967879486.191164	11.206516203703702	168.48487849976044	0.0011104694005791404	13.931903764874058	12.366394659760953	21.21652683562918	1.0924032616975206	
460815000432.62213	13454997275.731258	13.861827956989224	224.54777333464966	0.0011104694005791404	13.931903764874058	12.366394659760953	21.21652683562918	1.0924032616975206	
514296644251.6841	12018993235.118145	21.372569444444437	248.73728768668084	0.0011104694005791404	13.931903764874058	12.366394659760953	21.21652683562918	1.0924032616975206	
541960025191.67096	11176642322.255337	25.184531810035864	257.8968832073101	0.0011104694005791404	13.931903764874058	12.366394659760953	21.21652683562918	1.0924032616975206	
565936939370.3281	11636735958.538012	24.21609543010753	223.7688057658696	0.0011104694005791404	13.931903764874058	12.366394659760953	21.21652683562918	1.0924032616975206	
507483636566.82666	11170528365.23314	21.180092592592544	185.58215915781318	0.0011104694005791404	13.931903764874058	12.366394659760953	21.21652683562918	1.0924032616975206	
496355183828.55286	12201693069.034142	13.551433691756245	118.22558714613757	0.0011104694005791404	13.931903764874058	12.366394659760953	21.21652683562918	1.0924032616975206	
546237234016.3138	12987398592.001131	8.649710648148153	97.32111293600248	0.0011104694005791404	13.931903764874058	12.366394659760953	21.21652683562918	1.0924032616975206	
768664750685.5897	13617250478.489025	-0.7575492831541222	68.02805001274224	0.0011104694005791404	13.931903764874058	12.366394659760953	21.21652683562918	1.0924032616975206	
1153476961926.758	14625446432.792942	-5.679110663082439	68.09233054374529	0.002514897778440188	12.602405091386036	5.913833396727462	16.458639366705516	-2.9584400198363263	
912759609687.0571	13493846348.981615	-1.7734747023809525	92.39278470577098	0.002514897778440188	12.602405091386036	5.913833396727462	16.458639366705516	-2.9584400198363263	
750642380651.0043	15024120017.07012	4.884341397849465	124.09495367128407	0.002514897778440188	12.602405091386036	5.913833396727462	16.458639366705516	-2.9584400198363263	
487804586721.42426	12982466712.579412	11.206516203703702	168.48487849976044	0.002514897778440188	12.602405091386036	5.913833396727462	16.458639366705516	-2.9584400198363263	
464350604547.5721	13484376232.078537	13.861827956989224	224.54777333464966	0.002514897778440188	12.602405091386036	5.913833396727462	16.458639366705516	-2.9584400198363263	
450417189687.22174	12038607431.411629	21.372569444444437	248.73728768668084	0.002514897778440188	12.602405091386036	5.913833396727462	16.458639366705516	-2.9584400198363263	
441938011746.8577	11201054607.551624	25.184531810035864	257.8968832073101	0.002514897778440188	12.602405091386036	5.913833396727462	16.458639366705516	-2.9584400198363263	
471791501345.5687	11666109413.145388	24.21609543010753	223.7688057658696	0.002514897778440188	12.602405091386036	5.913833396727462	16.458639366705516	-2.9584400198363263	
442218728585.81683	11195217265.60119	21.180092592592544	185.58215915781318	0.002514897778440188	12.602405091386036	5.913833396727462	16.458639366705516	-2.9584400198363263	
514387829943.84	12221216654.762691	13.551433691756245	118.22558714613757	0.002514897778440188	12.602405091386036	5.913833396727462	16.458639366705516	-2.9584400198363263	
618017540058.9362	13006785673.78422	8.649710648148153	97.32111293600248	0.002514897778440188	12.602405091386036	5.913833396727462	16.458639366705516	-2.9584400198363263	
947641958856.1843	13646324297.667055	-0.7575492831541222	68.02805001274224	0.002514897778440188	12.602405091386036	5.913833396727462	16.458639366705516	-2.9584400198363263	
978540905954.9995	14601127137.690662	-5.679110663082439	68.09233054374529	0.0014995811128354058	8.983939912163843	15.056427043999896	17.617827905005026	3.132401340875525	
783079210444.1809	13474522961.132305	-1.7734747023809525	92.39278470577098	0.0014995811128354058	8.983939912163843	15.056427043999896	17.617827905005026	3.132401340875525	
661629304889.9762	15009499135.09029	4.884341397849465	124.09495367128407	0.0014995811128354058	8.983939912163843	15.056427043999896	17.617827905005026	3.132401340875525	
464963179416.27344	12967870001.279589	11.206516203703702	168.48487849976044	0.0014995811128354058	8.983939912163843	15.056427043999896	17.617827905005026	3.132401340875525	
465139503641.76654	13464473927.438583	13.861827956989224	224.54777333464966	0.0014995811128354058	8.983939912163843	15.056427043999896	17.617827905005026	3.132401340875525	
509760507122.0508	12018949765.265778	21.372569444444437	248.73728768668084	0.0014995811128354058	8.983939912163843	15.056427043999896	17.617827905005026	3.132401340875525	
535216418889.43823	11181579273.434885	25.184531810035864	257.8968832073101	0.0014995811128354058	8.983939912163843	15.056427043999896	17.617827905005026	3.132401340875525	
556767171423.006	11641604391.943575	24.21609543010753	223.7688057658696	0.0014995811128354058	8.983939912163843	15.056427043999896	17.617827905005026	3.132401340875525	
500897472549.46643	11175346743.090403	21.180092592592544	185.58215915781318	0.0014995811128354058	8.983939912163843	15.056427043999896	17.617827905005026	3.132401340875525	
504002750646.2528	12206593322.82056	13.551433691756245	118.22558714613757	0.0014995811128354058	8.983939912163843	15.056427043999896	17.617827905005026	3.132401340875525	
563574452789.4006	12992357034.717583	8.649710648148153	97.32111293600248	0.0014995811128354058	8.983939912163843	15.056427043999896	17.617827905005026	3.132401340875525	
815899972489.8495	13622070051.034307	-0.7575492831541222	68.02805001274224	0.0014995811128354058	8.983939912163843	15.056427043999896	17.617827905005026	3.132401340875525	
